Epsilon wynosil: 0.0001, Liczba iteracji: 22/60
Macierz A:
10 -1 1 1 2 
-3 20 4 2 1 
5 -1 40 9 5 
3 0 -1 10 1 
6 -2 1 1 20 

Wektor B:
13
24
58
13
26

Macierz Alpha: 
0 0.1 -0.1 -0.1 -0.2 
0.15 0 -0.2 -0.1 -0.05 
-0.125 0.025 0 -0.225 -0.125 
-0.3 -0 0.1 0 -0.1 
-0.3 0.1 -0.05 -0.05 0 

Wektor beta:
1.3
1.2
1.45
1.3
1.3

Wektor residuum:
-2.7452375176e-05
0.0000000000e+00
-1.6292044828e-05
0.0000000000e+00
-5.6517878073e-05

Wektor przyblizonego rozwiazania:
1.0000170378e+00
9.9999895575e-01
1.0000098099e+00
9.9999074219e-01
1.0000512745e+00

Wektor bledu bezwzglednego:
1.7037841923e-05
1.0442481421e-06
9.8099040262e-06
9.2578117812e-06
5.1274496069e-05
Norma1 = 5.0000000000e-01
Norma2 = 8.7500000000e-01
Norma3 = 6.6520673478e-01
