Epsilon wynosil: 0.0001, Liczba iteracji: 5/5
Macierz A:
10 3 3 100 4 
4 20 7 2 80 
150 5 40 10 11 
4 0 60 10 1 
6 4 5 70 20 

Wektor B:
120
113
216
75
105

Macierz Alpha: 
0 -0.3 -0.3 -10 -0.4 
-0.2 0 -0.35 -0.1 -4 
-3.75 -0.125 0 -0.25 -0.275 
-0.4 -0 -6 0 -0.1 
-0.3 -0.2 -0.25 -3.5 0 

Wektor beta:
12
5.65
5.4
7.5
5.25

Wektor residuum:
-2.6719875000e+03
-2.6460147500e+03
0.0000000000e+00
-5.2483302000e+04
-2.3388202500e+03

Wektor przyblizonego rozwiazania:
-2.3791200000e+03
0.0000000000e+00
8.8670250000e+03
2.4030000000e+02
0.0000000000e+00

Wektor bledu bezwzglednego:
2.3801200000e+03
1.0000000000e+00
8.8660250000e+03
2.3930000000e+02
1.0000000000e+00
Norma1 = 1.1000000000e+01
Norma2 = 1.3850000000e+01
Norma3 = 1.3391835199e+01
