Epsilon wynosil: 0.0001, Liczba iteracji: 33/60
Macierz A:
10 2 3 1 4 
3 20 7 2 8 
15 5 40 9 11 
3 0 6 10 1 
6 4 5 5 20 

Wektor B:
20
40
80
20
40

Macierz Alpha: 
0 -0.2 -0.3 -0.1 -0.4 
-0.15 0 -0.35 -0.1 -0.4 
-0.375 -0.125 0 -0.225 -0.275 
-0.3 -0 -0.6 0 -0.1 
-0.3 -0.2 -0.25 -0.25 0 

Wektor beta:
2
2
2
2
2

Wektor residuum:
-8.1354047817e-05
0.0000000000e+00
4.6043139416e-05
-3.7391452967e-05
4.6881659349e-05

Wektor przyblizonego rozwiazania:
1.0001285260e+00
1.0000404442e+00
9.9991075279e-01
1.0000610294e+00
9.9991352617e-01

Wektor bledu bezwzglednego:
1.2852596147e-04
4.0444224755e-05
8.9247207515e-05
6.1029372433e-05
8.6473833969e-05
Norma1 = 1.0000000000e+00
Norma2 = 1.5000000000e+00
Norma3 = 1.2698425099e+00
