Epsilon wynosil: 0.0001, Liczba iteracji: 24/60
Macierz A:
10 3 3 1 4 
4 20 7 2 8 
5 -1 40 9 5 
3 0 -1 10 1 
6 -2 1 1 20 

Wektor B:
21
41
81
21
42

Macierz Alpha: 
0 -0.3 -0.3 -0.1 -0.4 
-0.2 0 -0.35 -0.1 -0.4 
-0.125 0.025 0 -0.225 -0.125 
-0.3 -0 0.1 0 -0.1 
-0.3 0.1 -0.05 -0.05 0 

Wektor beta:
2.1
2.05
2.025
2.1
2.1

Wektor residuum:
-6.6462401485e-05
0.0000000000e+00
7.5744659210e-05
-6.2764057062e-06
4.1429163064e-05

Wektor przyblizonego rozwiazania:
6.2995622051e-01
5.5448398245e-01
1.3151945260e+00
1.8617817339e+00
1.8075712899e+00

Wektor bledu bezwzglednego:
3.7004377949e-01
4.4551601755e-01
3.1519452598e-01
8.6178173386e-01
8.0757128994e-01
Norma1 = 1.1000000000e+00
Norma2 = 1.0250000000e+00
Norma3 = 9.8994949366e-01
