Epsilon wynosil: 0.0001, Liczba iteracji: 19/60
Macierz A:
10 1 1 1 2 
3 30 4 2 1 
5 1 40 9 5 
3 0 1 10 1 
6 2 1 1 20 

Wektor B:
15
30
60
15
30

Macierz Alpha: 
0 -0.1 -0.1 -0.1 -0.2 
-0.1 0 -0.133333 -0.0666667 -0.0333333 
-0.125 -0.025 0 -0.225 -0.125 
-0.3 -0 -0.1 0 -0.1 
-0.3 -0.1 -0.05 -0.05 0 

Wektor beta:
1.5
1
1.5
1.5
1.5

Wektor residuum:
-1.2216243610e-05
0.0000000000e+00
1.1431749835e-05
2.6271955629e-05
2.9460047154e-05

Wektor przyblizonego rozwiazania:
1.0294148338e+00
6.6310626104e-01
1.0042364129e+00
9.8820429378e-01
1.0252134284e+00

Wektor bledu bezwzglednego:
2.9414833801e-02
3.3689373896e-01
4.2364128511e-03
1.1795706219e-02
2.5213428377e-02
Norma1 = 5.0000000000e-01
Norma2 = 8.2500000000e-01
Norma3 = 6.3311399711e-01
